1	1525263	1525263	C/T
1	13782473	13782473	G/C
1	17395017	17395017	G/A
1	19258536	19258536	G/A
1	26188236	26188236	G/A
1	31372970	31372970	C/T
1	36806252	36806252	G/A
1	39411667	39411667	C/T
1	39414303	39414303	T/A
1	40240437	40240437	G/T
1	155202267	155202267	G/T
1	176695791	176695791	A/G
1	183142741	183142741	A/C
1	237885874	237885874	G/A
1	248145237	248145237	G/T
1	248574488	248574488	C/G
2	11637809	11637809	C/T
2	15620259	15620259	G/A
2	201344233	201344233	T/G
2	226798372	226798372	C/T
3	28413205	28413205	G/T
3	52221642	52221642	G/A
3	78600229	78600229	A/T
3	143121750	143121750	G/A
4	8294141	8294141	G/A
4	22818909	22818909	G/A
4	56307610	56307610	G/A
4	70335277	70335277	G/C
4	105717618	105717618	A/T
4	109869993	109869993	T/C
5	141136963	141136963	G/A
5	149832755	149832755	C/A
5	176290734	176290734	C/T
5	179837682	179837682	T/A
5	181198724	181198724	G/A
6	36319422	36319422	C/A
6	39191721	39191721	G/T
6	51649154	51649154	G/C
6	107720753	107720753	G/A
6	137001775	137001775	C/T
6	161153432	161153432	C/A
7	1503025	1503025	G/T
7	38476962	38476962	A/T
7	47839495	47839495	C/T
7	73573420	73573420	C/A
7	120788868	120788868	C/T
7	130385284	130385284	C/T
7	133024553	133024553	G/C
8	6521292	6521292	C/A
8	39042032	39042032	C/A
8	96608401	96608401	G/A
8	138877762	138877762	G/A
8	144085582	144085582	C/A
9	2115935	2115935	C/A
9	35712017	35712017	G/T
9	113170563	113170563	T/A
9	127444627	127444627	C/G
9	137265949	137265949	G/A
9	137265950	137265950	G/A
10	47367829	47367829	C/T
10	62092706	62092706	G/C
10	62376773	62376773	C/A
10	73794174	73794174	G/A
10	116093817	116093817	G/T
11	18714102	18714102	G/A
11	46726825	46726825	G/T
11	55828026	55828026	G/A
11	102714612	102714612	G/A
11	118166911	118166911	G/T
11	119111340	119111340	G/T
11	125079169	125079169	C/A
12	2922339	2922339	G/C
12	3550030	3550030	G/C
12	6390674	6390674	C/T
12	48768598	48768598	C/T
12	110339647	110339647	C/T
12	121232459	121232459	G/A
12	132066877	132066877	C/T
13	77098505	77098505	C/G
14	20891964	20891964	G/T
14	31084807	31084807	G/A
14	72941804	72941804	C/A
14	73492029	73492030	-/C
15	81368255	81368255	C/T
15	90360978	90360978	G/A
15	90360979	90360979	G/A
16	2519351	2519351	G/A
16	31080880	31080880	G/A
16	66964407	66964407	C/T
16	67950472	67950472	C/T
17	7673828	7673838	TAGATTACCAC/-
17	11934010	11934010	A/T
17	21198342	21198342	G/A
17	28570858	28570858	G/T
17	63412058	63412058	C/T
17	68042201	68042201	C/T
17	76014992	76014992	C/A
18	58919800	58919800	G/T
19	12647481	12647481	C/T
19	15185404	15185404	G/A
19	16928209	16928209	T/C
19	18924302	18924302	G/A
19	36393090	36393090	A/G
19	38918483	38918483	G/A
19	40729291	40729291	C/G
19	47883738	47883738	C/-
19	48985883	48985883	G/A
19	56027452	56027452	G/A
20	8658620	8658620	G/A
20	13009303	13009303	G/A
20	17511978	17511978	C/A
20	56248988	56248988	G/C
20	63975746	63975746	C/A
21	36719906	36719906	C/T
22	44570542	44570542	G/T
22	45203110	45203110	G/A
22	46661380	46661380	G/T
22	50240281	50240282	-/ACG
X	102749467	102749467	G/A
X	131275989	131275989	G/A
X	136344497	136344497	C/T
X	150619074	150619074	G/T
