1	24514532	24514532	G/A
1	102914775	102914775	C/T
1	119803071	119803071	G/T
1	151135177	151135177	A/G
1	152086834	152086834	T/C
1	152221215	152221215	A/G
1	152579717	152579717	C/T
1	158256276	158256276	C/T
1	186151340	186151340	C/T
1	196423114	196423114	C/A
1	200873937	200873937	C/G
1	206866557	206866557	C/A
1	227005104	227005104	C/A
1	230792484	230792484	A/C
1	247605919	247605919	T/C
1	247605920	247605920	G/T
2	178775713	178775713	T/C
2	214937545	214937545	A/G
3	87245858	87245858	G/C
3	136433575	136433575	C/A
3	179740255	179740255	G/A
3	183153753	183153753	C/T
4	46303597	46303597	A/T
4	68670148	68670148	A/C
4	69734248	69734248	C/G
4	109764641	109764641	T/G
4	151174825	151174825	T/A
5	26881380	26881380	T/C
5	131971599	131971599	G/A
5	141489601	141489601	G/A
5	178965372	178965372	G/T
6	26225157	26225157	G/A
6	26509059	26509059	A/G
6	30555184	30555184	G/C
6	31719284	31719284	G/A
6	41744417	41744417	T/G
6	57190500	57190500	C/G
6	89198147	89198147	G/T
6	165339359	165339359	C/A
6	166999432	166999432	C/T
7	51193509	51193509	G/T
7	67055840	67055840	C/T
7	123128938	123128938	T/C
7	151181358	151181358	C/A
7	152162336	152162336	G/A
8	86632753	86632753	T/C
8	144440045	144440045	C/A
9	916902	916902	C/A
9	39100028	39100028	C/G
9	93268843	93268843	C/A
9	100104597	100104597	G/A
9	114292168	114292168	G/T
10	5525420	5525420	G/A
11	5515429	5515429	C/T
11	7939479	7939479	G/A
11	26697182	26697182	G/A
11	56290517	56290517	T/G
11	58119152	58119152	G/A
11	62520229	62520229	G/C
11	62596826	62596826	C/G
11	62884505	62884505	C/T
11	72578248	72578248	G/A
11	90176024	90176024	G/C
12	7149041	7149041	C/T
12	12159007	12159007	G/T
12	20733059	20733059	G/C
12	25520051	25520051	G/T
12	96920072	96920072	C/A
12	103735533	103735533	C/T
12	109216804	109216804	G/A
13	98440038	98440038	C/T
15	43885727	43885727	C/T
15	51212530	51212530	T/C
15	68290510	68290512	TCT/-
16	70664136	70664136	C/-
16	71129661	71129661	G/A
17	7673781	7673781	C/A
17	10540677	10540677	T/G
17	19548099	19548099	C/T
17	39470920	39470920	C/G
17	42323607	42323607	G/A
17	44148977	44148977	C/G
18	32938044	32938044	A/G
18	63804621	63804621	G/A
19	10335187	10335187	G/T
19	19278699	19278699	C/A
19	39466722	39466731	GCTGTTTGAT/-
20	35617195	35617195	C/G
20	44159815	44159815	G/A
20	61844676	61844676	C/T
20	62163575	62163575	G/A
20	63694441	63694441	A/T
21	30337535	30337535	C/T
22	21029080	21029080	G/T
X	2291601	2291601	C/A
X	16683190	16683190	C/G
X	34130187	34130187	A/T
X	37009564	37009564	C/A
X	49197809	49197809	C/T
X	51496416	51496416	G/T
X	54251669	54251669	G/A
X	117920315	117920315	C/A
X	121049244	121049244	A/C
