1	6440379	6440379	A/G
1	27954391	27954391	G/T
1	37574686	37574686	G/A
1	91524307	91524307	G/C
1	145901160	145901160	C/T
1	150998134	150998134	G/A
1	159588435	159588435	G/A
1	177958960	177958970	CTTATGTACAT/-
1	182853417	182853431	CGGTAAGGCCAGCAC/-
1	198699650	198699650	G/C
1	230337142	230337142	G/T
1	230710341	230710341	G/T
2	32415539	32415539	C/A
2	110164641	110164641	A/C
2	157416015	157416015	T/A
2	159178633	159178633	G/A
2	169537255	169537255	C/T
2	176117470	176117470	G/A
2	226795278	226795278	C/A
2	233729898	233729898	C/T
2	237378769	237378769	C/A
3	48659944	48659944	C/A
3	50220076	50220076	C/A
3	55074163	55074163	T/G
3	89407365	89407365	T/A
3	113661129	113661129	G/C
3	132659739	132659739	C/A
3	169860677	169860677	T/C
3	197065729	197065729	T/C
4	5973727	5973727	G/T
4	164197136	164197136	C/T
5	76570619	76570619	C/T
5	153677152	153677152	T/G
5	157502950	157502950	G/A
5	157505752	157505752	G/T
6	4937582	4937603	GAGTGCTCTGAGCACGGCCGCT/-
6	32079247	32079247	C/T
6	70861886	70861886	G/C
6	89895432	89895432	T/A
7	2762740	2762740	C/T
7	28957515	28957515	A/G
7	29940700	29940700	T/A
7	35635222	35635222	C/T
7	101039991	101039991	G/A
7	101916125	101916125	A/T
7	106015206	106015206	C/G
7	108184534	108184534	T/C
7	151143420	151143458	CTGGGGCAGCAGCTGCTCCGGGCCGTGGTGGAAGATGAC/-
8	51413169	51413169	G/T
8	66564809	66564809	T/C
8	123183182	123183182	C/T
8	124095018	124095018	G/T
9	89325574	89325574	G/C
9	104118319	104118319	C/A
9	108908385	108908385	G/T
9	113187805	113187805	G/C
9	137088890	137088890	A/T
10	24595754	24595754	G/C
10	26176819	26176819	G/C
10	49747116	49747116	G/C
10	59814688	59814688	A/G
10	60785686	60785686	G/C
10	69191655	69191655	G/T
10	70598053	70598053	T/A
10	73647350	73647350	G/C
10	75398818	75398818	T/G
10	99727493	99727493	C/T
11	1753595	1753595	A/T
11	15112483	15112483	C/T
11	33025930	33025930	C/-
11	61437636	61437636	G/T
11	68386672	68386672	C/G
11	94086157	94086164	CCACAACA/-
11	111514840	111514841	-/C
11	126446874	126446874	A/T
11	132529126	132529126	G/A
12	10986827	10986827	G/C
12	10997206	10997206	G/A
12	52403758	52403770	ACGCGGTCCCCGG/-
12	54577531	54577531	G/T
12	92798910	92798910	T/C
12	111338351	111338351	C/T
12	122573210	122573210	C/A
12	122575800	122575818	AGTCAAGTTATTACAGGAA/-
13	25171549	25171549	C/A
13	112819344	112819344	A/G
14	31114054	31114054	G/C
14	88479177	88479177	C/T
14	91289273	91289273	G/A
15	40369334	40369334	C/A
15	42187826	42187826	T/C
15	45152443	45152443	C/G
15	78264790	78264790	C/A
15	96332430	96332430	A/T
16	2821382	2821382	C/G
16	20987839	20987839	T/C
16	24890869	24890869	G/T
16	66966780	66966780	A/G
16	72086742	72086742	C/A
16	89281989	89281989	G/C
17	7674241	7674241	G/A
17	31163231	31163231	C/T
18	3067523	3067523	G/A
19	42286813	42286813	G/C
19	42871771	42871771	G/A
19	49960773	49960773	G/C
19	56821743	56821743	G/A
20	3823936	3823936	C/T
21	34707955	34707955	A/T
21	40085740	40085740	T/A
21	44899162	44899162	C/G
22	31187093	31187093	G/T
22	35085592	35085592	C/A
22	37625942	37625942	G/A
22	45693067	45693067	C/G
X	100988228	100988228	G/C
X	104250333	104250333	C/A
X	154928647	154928647	G/A
