1	11846014	11846014	A/G
1	17267848	17267848	A/G
1	117017297	117017297	G/T
1	149887047	149887047	C/T
1	159313713	159313713	C/G
1	178300073	178300073	G/T
1	196280926	196280926	A/C
1	207466762	207466762	G/T
1	237496738	237496738	T/C
1	247256717	247256717	G/C
2	25980583	25980583	G/T
2	102437344	102437344	G/T
2	117825557	117825557	A/T
2	181480183	181480183	C/G
2	191396494	191396494	G/C
2	233637177	233637177	T/C
3	8993044	8993053	AAGGCATCAT/-
3	11017970	11017970	C/T
3	41236586	41236586	A/G
3	48572017	48572017	C/G
3	48605845	48605845	C/A
3	48605846	48605846	C/A
3	100568939	100568939	G/A
3	128341349	128341349	G/T
3	184192630	184192630	C/G
4	75896317	75896317	G/A
4	82918539	82918539	A/T
4	86809935	86809935	C/A
4	87845936	87845936	C/A
4	125320770	125320770	T/A
4	142237965	142237967	GTC/-
4	163472395	163472395	C/A
4	165059500	165059500	T/G
4	173371482	173371482	C/A
4	174659122	174659122	C/T
5	5460460	5460460	G/A
5	16672770	16672770	G/A
5	55916813	55916813	A/G
5	73068723	73068723	G/T
5	90725651	90725651	A/T
5	102498665	102498665	C/A
5	140507984	140507984	G/C
5	141174992	141174992	G/T
5	141646721	141646721	A/G
6	35486573	35486573	A/C
6	35951189	35951189	G/A
6	39909852	39909852	T/C
6	73808233	73808233	A/C
6	87085820	87085820	C/G
7	18749131	18749131	A/T
7	116699746	116699746	A/G
7	127058155	127058155	C/T
7	142671120	142671120	A/G
7	154587816	154587816	A/G
8	52940875	52940875	C/T
8	61576792	61576792	C/G
8	64596886	64596886	G/A
9	27548310	27548310	C/G
9	35310546	35310546	C/T
9	132903687	132903697	GATCACCTTGC/-
9	133332725	133332725	C/T
10	3113498	3113498	G/C
10	26125532	26125532	A/T
10	88752565	88752565	A/G
10	94842972	94842972	T/A
11	5515081	5515081	T/G
11	10803562	10803562	A/T
11	47441614	47441614	G/C
11	56290394	56290394	G/T
11	59862619	59862619	C/A
11	61118398	61118398	C/A
11	64894947	64894973	CCCTCTGGGTGCCGGGCACCCCAGGCT/-
11	66211206	66211206	C/T
11	82928842	82928842	C/T
11	89227958	89227958	C/T
11	92354721	92354721	T/G
11	108141657	108141657	T/C
11	119088231	119088257	GTGACCTGGGGACTTTTTCTGCAGGAA/-
12	42105967	42105967	T/-
12	130412601	130412629	ATAGGGGTTTGCGCTTACCTATTTTCTCC/-
13	101726696	101726696	A/G
14	20472385	20472386	TC/-
14	31105407	31105407	G/T
14	32545976	32545976	G/A
14	74798542	74798545	GGTT/-
14	76177997	76177997	A/T
14	89988960	89988966	GTCAGTT/-
14	96264277	96264277	C/A
14	96322256	96322257	-/AA
15	33601457	33601457	G/T
16	92699	92699	G/C
16	11350719	11350719	C/T
16	13947936	13947936	C/T
16	27437657	27437682	GAGTGTGGCAGCTTTCTCCTGGCTGA/-
17	7577639	7577639	A/G
17	7674948	7674972	TAAGATGCTGAGGAGGGGCCAGACC/-
17	42564794	42564794	T/-
17	43013611	43013611	G/T
17	67904786	67904786	G/C
19	40847049	40847049	G/T
19	50276091	50276091	G/T
19	53409077	53409077	A/T
19	54355395	54355408	GAACTCCCTGCAGC/TG
19	54594931	54594931	C/T
19	57473436	57473436	G/A
20	2865440	2865440	A/G
20	33013945	33013945	T/A
20	33013946	33013946	G/A
20	36770874	36770874	T/G
20	38142128	38142128	G/C
20	45801438	45801438	G/T
20	47736736	47736736	C/A
20	49646991	49646991	G/T
21	32744824	32744824	A/C
21	36936977	36936977	G/T
X	51896510	51896510	G/A
X	53533395	53533395	G/T
X	53993890	53993890	T/C
X	104189704	104189704	T/C
X	107597998	107597998	G/A
X	119094052	119094052	T/A
X	143034217	143034217	G/T
