1	22576529	22576529	G/A
1	23193742	23193742	C/T
1	27113838	27113838	G/A
1	71046736	71046736	G/A
1	74571661	74571661	G/A
1	99993566	99993566	C/A
1	150464676	150464676	A/G
1	153541395	153541395	G/T
1	156846006	156846006	A/G
1	158329615	158329615	C/T
1	180413442	180413442	C/G
1	223784217	223784217	T/C
1	228307303	228307303	G/C
2	32509811	32509822	GCTGCACCTACT/-
2	108906361	108906361	C/T
2	124609855	124609855	T/A
2	135153807	135153807	G/C
2	157258936	157258936	C/G
2	170829571	170829571	A/G
2	178712096	178712096	A/T
2	199272467	199272467	G/A
2	206310592	206310592	G/C
2	207165521	207165521	G/C
2	218164172	218164172	G/A
2	218164261	218164261	G/C
2	232238627	232238627	C/T
3	4814501	4814501	T/G
3	13854763	13854763	G/A
3	28521096	28521096	G/T
3	100279756	100279756	G/-
3	136341448	136341448	G/A
4	127773487	127773487	T/A
5	914481	914481	C/T
5	13792102	13792102	T/A
5	32089350	32089350	G/A
5	53056144	53056144	T/A
5	63961501	63961501	A/G
5	69116017	69116017	G/T
5	78240929	78240929	G/A
5	129620736	129620736	G/T
5	132888096	132888096	C/G
5	141101413	141101413	C/-
5	161897319	161897319	C/A
6	4057105	4057105	C/G
6	12124052	12124077	GCCTCTCTTAGAAAGAAGGAGAGGCC/-
6	27807721	27807721	G/C
6	30491371	30491371	T/G
6	30586231	30586231	G/A
6	32167952	32167952	G/C
6	101928422	101928422	G/T
6	127976735	127976735	G/C
6	139174486	139174486	C/T
7	11424773	11424773	C/A
7	11636188	11636188	C/A
7	23737059	23737059	A/C
7	74096705	74096705	G/A
7	82951891	82951891	G/C
7	87402152	87402152	G/T
7	100893441	100893441	A/G
7	108209502	108209502	C/A
7	148814106	148814106	T/A
7	157181532	157181532	C/G
8	109522826	109522826	C/A
8	112829718	112829718	G/A
8	138310888	138310888	G/A
8	144239338	144239338	C/A
9	21228015	21228015	C/T
9	26920347	26920347	C/T
9	34372051	34372051	C/T
9	35662628	35662628	G/T
9	37304297	37304306	ACTGCCCCTT/-
9	128166864	128166864	C/G
10	20817639	20817639	C/T
10	25023714	25023714	G/A
10	46130237	46130237	A/G
10	88596886	88596886	C/G
11	26547478	26547478	T/A
11	57802059	57802059	C/T
11	64284265	64284265	C/T
11	86450001	86450001	G/A
11	90205461	90205461	G/A
11	102691817	102691817	C/G
11	121566968	121566968	C/T
12	48968267	48968267	G/A
12	96685067	96685067	T/G
12	104844599	104844599	T/A
12	106997588	106997588	A/T
12	109256159	109256159	G/C
13	77609069	77609069	T/A
14	51689853	51689853	T/A
14	51720236	51720236	G/T
14	55350431	55350432	-/C
15	42451275	42451275	C/G
15	76137718	76137718	A/G
15	84895005	84895005	C/T
16	3299757	3299757	G/A
16	4823857	4823857	C/G
16	55696230	55696230	G/C
17	4195126	4195126	T/G
17	7673823	7673823	C/T
17	8238081	8238081	C/T
17	28722799	28722799	C/G
19	13923344	13923344	C/T
19	38840195	38840195	G/A
19	40580930	40580930	G/A
19	42405502	42405502	C/G
19	44794274	44794274	C/T
19	48620544	48620544	G/C
19	48796647	48796647	C/T
19	49526093	49526094	-/TA
19	54222411	54222411	T/G
19	56390468	56390468	A/C
19	57159208	57159208	C/T
19	58353102	58353102	G/C
20	11919151	11919151	G/A
20	32435382	32435405	CGTTTCTAACAGTTCTTTGCATTG/-
20	38752240	38752240	C/G
20	58853628	58853628	T/G
21	30215901	30215901	C/T
X	73848888	73848888	G/A
X	101841962	101841962	C/T
