1	11956925	11956925	G/A
1	67321821	67321821	T/G
1	90712555	90712555	C/T
1	100107641	100107641	G/A
1	112696445	112696445	C/T
1	143883428	143883428	A/T
1	197917941	197917941	A/G
1	216677306	216677306	G/A
1	247424422	247424422	C/G
2	36578795	36578795	G/T
2	108006198	108006198	A/C
2	178014351	178014351	G/A
2	178530923	178530923	G/A
2	188991515	188991515	G/A
2	225408987	225408987	T/C
2	226797507	226797507	C/A
3	25580650	25580651	-/CTGC
3	46408835	46408835	G/A
3	49257234	49257234	T/C
3	158102853	158102853	G/A
3	165188477	165188477	G/A
4	37902504	37902504	C/T
4	42018124	42018124	C/T
5	140848920	140848920	T/A
5	175442874	175442874	G/T
6	4032064	4032064	C/T
6	17834015	17834015	T/C
6	32220532	32220532	C/G
6	54124594	54124594	A/G
6	111266703	111266703	C/A
7	20160018	20160018	A/T
7	76482591	76482591	G/T
7	139083988	139083988	G/T
7	148147577	148147577	C/A
7	149004009	149004009	G/C
8	66580314	66580314	A/G
8	99115845	99115845	A/G
9	110550069	110550069	T/A
10	24544001	24544001	C/-
10	26174462	26174462	C/T
10	58789338	58789338	C/A
10	95864863	95864863	T/C
10	131134412	131134412	C/G
11	30011270	30011270	G/T
11	56123080	56123080	A/T
11	61741328	61741328	A/C
11	66235321	66235321	C/G
11	118901705	118901705	G/A
11	124440636	124440636	C/A
12	20737163	20737163	G/A
12	51751513	51751513	G/A
13	101378645	101378645	A/C
13	101567724	101567724	G/A
13	114324107	114324107	G/C
14	41891947	41891947	G/C
15	83266952	83266952	G/A
16	29695035	29695035	G/A
16	50711622	50711622	C/T
17	7673802	7673802	C/T
17	8345414	8345414	T/A
17	16707524	16707524	C/T
17	18278255	18278255	G/T
17	30900545	30900545	T/G
17	76724036	76724036	G/A
18	13438246	13438246	T/A
18	24196150	24196150	C/G
18	50273799	50273799	C/T
19	12745715	12745715	C/T
19	15476339	15476339	C/A
20	4786280	4786280	G/C
X	32565783	32565783	G/T
