1	15947008	15947008	G/C
1	33533204	33533204	C/T
1	34868611	34868611	C/T
1	37840033	37840033	G/A
1	42747770	42747770	C/T
1	156156541	156156541	C/T
1	156294896	156294896	C/T
1	157521171	157521171	A/G
1	162803523	162803523	G/A
1	169555325	169555325	G/A
1	201221544	201221544	C/A
1	202604521	202604521	C/A
1	205845386	205845386	C/G
1	206967073	206967073	G/A
2	27257317	27257318	-/G
2	42444360	42444360	C/T
2	48688220	48688220	A/G
2	96291846	96291846	G/A
2	130194128	130194128	G/T
3	14494965	14494965	G/A
3	38760727	38760727	G/A
3	49123735	49123735	C/T
3	49650691	49650691	C/T
3	49660542	49660542	C/-
3	56751070	56751071	TG/-
3	122910172	122910172	G/A
3	127735717	127735717	G/A
3	127735770	127735770	G/A
4	442849	442849	G/A
4	1983494	1983494	C/A
4	10083149	10083149	C/T
4	54738496	54738496	T/C
4	68568393	68568393	G/A
5	7896942	7896942	G/T
5	22078490	22078491	-/A
5	33989210	33989210	A/G
5	94695299	94695299	T/C
5	111110934	111110934	A/G
5	111484030	111484030	C/A
5	168696398	168696398	C/A
5	172338932	172338932	A/C
6	26422988	26422988	C/G
6	27251913	27251914	GT/-
6	149378238	149378238	G/C
7	103833536	103833536	C/A
7	122303180	122303180	C/T
8	96160474	96160474	G/A
8	96231815	96231815	G/A
8	123254874	123254874	C/A
9	89002197	89002197	G/C
9	116302847	116302847	C/G
9	117712973	117712973	A/G
9	128707381	128707381	C/A
9	128827069	128827069	C/T
10	29292622	29292622	G/T
10	114199226	114199226	C/T
10	128115182	128115182	G/T
11	4848819	4848819	C/G
11	6768148	6768148	T/G
11	32439077	32439077	G/A
11	47848262	47848262	G/A
11	55795957	55795957	T/C
11	62648695	62648695	A/G
11	85919363	85919363	G/A
11	117181488	117181488	C/A
11	119019184	119019188	GGCAG/-
12	10939088	10939088	C/T
12	55828158	55828158	C/A
12	57732406	57732406	G/T
12	119151136	119151136	G/A
12	122930114	122930114	G/A
13	24906494	24906494	G/T
13	57635056	57635056	C/A
13	70107529	70107529	G/A
14	77694769	77694769	C/T
14	91581053	91581053	C/A
15	32691720	32691720	T/C
15	40554087	40554088	-/T
16	2255707	2255707	C/A
16	14857593	14857593	T/C
16	51139517	51139517	G/A
16	51139531	51139531	G/A
16	69114734	69114734	T/A
17	1637042	1637042	G/T
17	2420333	2420333	G/A
17	3291941	3291941	C/T
17	7673756	7673757	-/T
17	39724791	39724791	A/C
18	9208764	9208764	G/A
18	23535518	23535518	C/T
19	5778613	5778614	-/GAGGGACTCCGACTCAAAAAA
19	10782988	10782988	G/T
19	15949297	15949297	C/A
19	39408559	39408559	C/T
19	54635607	54635607	C/G
19	54635608	54635608	G/A
19	54889713	54889713	C/T
19	55302819	55302819	G/A
20	44118518	44118518	G/A
21	31266910	31266910	C/A
22	37924671	37924671	G/T
X	77969020	77969020	C/T
X	153864410	153864410	C/T
