2	9408171	9408173	TCC/-
2	9933819	9933819	T/A
2	96287007	96287007	T/C
2	219556577	219556577	C/T
2	241099445	241099445	C/T
3	11017211	11017211	C/T
3	52799814	52799814	T/C
3	113659043	113659044	AC/-
3	151360505	151360505	C/T
3	153162904	153162904	T/A
4	67641220	67641220	A/G
4	73987986	73987986	G/T
4	93085267	93085267	G/T
4	153328581	153328581	G/-
5	1479636	1479636	G/A
5	75350837	75350837	C/G
6	25606208	25606208	C/T
6	43512531	43512531	G/A
6	129481275	129481275	G/A
6	130055239	130055239	G/A
7	36426949	36426949	G/A
8	13393694	13393694	C/T
9	6015393	6015394	-/AC
10	25598948	25598948	C/T
11	4923519	4923519	A/G
11	30233671	30233671	T/C
11	32976409	32976409	T/C
11	46311141	46311141	G/A
11	122855770	122855770	G/T
12	69693804	69693804	G/A
12	85124241	85124241	T/C
12	95976461	95976461	C/G
14	22463149	22463149	A/C
16	21179535	21179535	C/T
17	7924197	7924197	C/T
17	20204983	20204983	T/C
17	39746868	39746868	C/T
18	23520244	23520244	G/A
18	65880530	65880530	C/T
19	12858618	12858618	G/C
19	15187193	15187193	G/A
19	21405158	21405158	A/G
19	31279172	31279172	G/A
19	35879147	35879147	T/A
20	6077262	6077262	C/T
20	42098544	42098544	C/T
20	43642624	43642624	G/T
21	46002623	46002623	C/G
22	42210747	42210747	G/A
X	134169834	134169834	T/C
