1	35901976	35901976	C/T
1	44636076	44636084	ATGAGAACA/-
1	64159141	64159141	C/T
1	67425210	67425210	G/A
1	77297844	77297844	T/C
1	78013176	78013176	G/-
1	103025600	103025600	T/A
1	116754817	116754817	C/A
1	116768642	116768642	G/C
1	159932544	159932544	C/T
1	160130554	160130554	C/A
1	201319858	201319858	A/T
1	210242154	210242154	C/G
1	220025145	220025145	T/C
2	26109797	26109797	C/G
2	27506556	27506556	C/G
2	74363159	74363159	A/T
2	85133869	85133869	T/A
2	168901530	168901542	TTAAATCTTATAT/-
2	168906716	168906716	T/C
2	201266769	201266769	A/T
2	210599514	210599514	C/T
2	218737874	218737874	G/A
2	233719265	233719265	G/A
3	52422291	52422291	C/A
3	112991213	112991213	G/C
3	124859258	124859258	G/C
3	160280816	160280819	TTAA/-
3	196661611	196661611	C/G
4	521931	521931	C/A
5	43280315	43280323	CCGACTCAT/-
5	43547865	43547865	C/G
5	56937643	56937643	G/C
5	169702347	169702347	T/G
5	177604199	177604199	G/C
6	13600858	13600858	C/G
6	24145679	24145679	G/A
6	29440746	29440746	T/A
6	31896663	31896663	C/T
6	43515963	43515963	C/A
6	51747981	51747981	A/G
6	89674248	89674248	G/C
6	98835661	98835661	A/G
6	131594225	131594225	C/T
6	152350269	152350269	C/A
7	50537922	50537922	T/A
7	100219985	100219985	C/A
7	107937211	107937211	G/C
7	135196159	135196159	G/C
7	150337561	150337561	G/A
7	154969033	154969033	T/C
8	42973318	42973332	AGAATCAAAGAAAGC/-
8	90001531	90001531	C/T
8	132480250	132480250	G/C
8	140451034	140451034	G/T
8	142914302	142914302	C/A
8	144509789	144509823	CGCGCTGCTGGCGCTGCTGCCCACCTTCTCGTGGC/-
9	12694227	12694227	T/C
9	33998845	33998845	C/G
9	131087622	131087622	G/T
10	8073914	8073914	C/A
10	97064215	97064215	G/A
10	122084965	122084965	C/A
10	122085269	122085269	G/T
10	122216732	122216732	A/C
11	18137387	18137387	C/A
11	56743182	56743182	G/A
11	58215707	58215707	A/T
11	58228053	58228053	C/T
11	60061316	60061316	G/T
11	63952263	63952263	C/G
11	64829598	64829611	CAGTGCCTCACCCA/AAACC
11	119341898	119341898	T/A
11	119342658	119342658	A/C
12	43376637	43376637	C/G
12	55687999	55687999	A/T
12	121849689	121849689	T/A
13	52643151	52643151	G/A
13	113115699	113115699	G/T
14	39431788	39431788	C/A
14	70995915	70995915	C/G
15	40987135	40987135	T/A
15	41561284	41561284	C/G
15	51507205	51507205	T/A
15	71878221	71878221	C/T
15	75339081	75339081	T/A
15	84840798	84840798	G/A
16	23695948	23695948	G/A
16	48176935	48176935	C/T
16	90061467	90061467	G/A
17	4814498	4814498	G/T
17	7314373	7314373	G/T
17	7674953	7674953	T/C
17	7791992	7791992	T/C
17	61403114	61403114	C/T
17	64500196	64500223	TCTTTTAAGCAGGCTAGAGTAACCTCTG/-
18	67511207	67511207	A/T
19	1827428	1827428	G/C
19	6151729	6151729	G/C
19	6712523	6712523	C/A
19	8081033	8081033	C/T
19	11487158	11487158	T/C
19	12351289	12351289	C/A
19	30445430	30445430	C/G
19	34333783	34333783	T/C
19	38802037	38802037	C/A
19	39892136	39892136	G/C
19	46674724	46674724	C/T
19	57572200	57572200	G/C
20	3229217	3229217	C/T
20	33068911	33068911	A/G
20	37931749	37931749	G/C
20	38130222	38130222	G/A
20	63687717	63687717	C/G
21	28943678	28943678	A/G
22	18126846	18126846	G/A
22	39083793	39083793	G/C
22	50482786	50482786	T/C
X	44844652	44844652	G/C
X	68717608	68717608	A/T
X	108687629	108687629	A/C
