1	6126683	6126683	G/A
1	11091083	11091083	C/T
1	21885374	21885374	A/C
1	23510073	23510073	A/T
1	46029554	46029554	G/C
1	46938126	46938126	G/C
1	54653258	54653258	A/C
1	65364706	65364706	A/G
1	77417711	77417711	A/G
1	112416217	112416217	C/A
1	145577388	145577388	C/T
1	145872949	145872949	C/T
1	147613119	147613119	G/C
1	152354297	152354321	TGATTGACTGGAGCCAGTACCATGT/-
1	154993609	154993609	T/A
1	184795777	184795777	G/T
1	193069256	193069256	G/A
1	210241601	210241601	C/A
1	243164859	243164859	G/C
2	21009081	21009081	G/C
2	25750380	25750380	C/T
2	49154340	49154340	A/T
2	86987289	86987289	T/A
2	159852329	159852329	G/C
2	178503758	178503758	A/G
2	215408352	215408352	G/C
3	89340966	89340966	A/T
3	172648030	172648030	A/G
4	8080774	8080774	C/G
4	22727745	22727745	G/A
4	67518325	67518325	C/G
4	69647320	69647320	G/C
5	1242725	1242725	C/T
5	1432636	1432636	C/T
5	170919473	170919473	T/G
6	65402573	65402573	T/G
6	76034313	76034313	G/C
6	142771647	142771678	GAGCAGCGTCGCATCTCTTTCTGGTGGTGATG/-
7	44112755	44112755	G/C
7	48240970	48240970	C/A
7	108184580	108184580	C/T
7	122011461	122011461	G/A
7	143876304	143876312	GCCAAAGGT/-
7	149455629	149455629	G/C
7	152249890	152249890	C/T
8	27810342	27810342	G/A
8	52660636	52660636	C/A
8	100709524	100709524	T/G
8	108784676	108784676	C/G
8	109452207	109452207	T/-
8	132888033	132888033	G/A
8	138826675	138826675	G/T
9	175736	175736	C/A
9	5922767	5922767	C/G
9	14748479	14748479	G/C
9	15189771	15189771	G/T
9	127393251	127393251	G/C
9	133796448	133796448	T/A
10	17987584	17987584	T/A
10	49619727	49619727	G/A
10	102502605	102502605	C/A
10	122601934	122601934	A/C
11	32615962	32615962	A/C
11	77207298	77207298	G/T
11	77336263	77336263	T/G
11	121128246	121128246	A/G
12	29495413	29495413	A/G
12	56101681	56101681	G/A
12	122216552	122216552	C/T
13	25769140	25769140	G/A
14	19876704	19876704	T/A
14	24574407	24574407	C/G
14	31178247	31178247	G/T
14	71739128	71739128	A/G
14	72998174	72998174	T/C
15	73570260	73570260	C/T
16	85507	85507	C/G
16	4997035	4997035	C/A
16	15677815	15677815	G/A
16	20486592	20486592	C/A
16	50350062	50350062	C/-
16	52446184	52446184	T/C
17	7673803	7673803	G/A
17	32021900	32021900	C/G
17	50190327	50190328	-/G
17	58006432	58006432	C/T
18	7232020	7232020	C/A
18	63594479	63594479	G/C
18	63637754	63637754	T/A
18	75287385	75287385	G/C
19	9214004	9214004	G/A
19	9467041	9467041	C/G
19	15652628	15652628	G/A
19	55858519	55858519	G/A
20	13849557	13849557	T/C
20	35713045	35713045	C/G
20	52097098	52097098	A/C
20	59030415	59030415	G/A
22	37724735	37724735	C/T
X	153957465	153957465	G/A
